8.636841118335724
8.66346389055252
8.870154678821564
8.612653195858002
8.687195599079132
8.699917018413544
8.633163273334503
8.612898588180542
8.488631248474121
8.628477394580841
8.630942285060883
8.327379405498505
8.487175405025482
8.647057354450226
8.494307577610016
8.410180449485779
8.2311310172081
8.37399446964264
8.479993224143982
8.578067183494568
8.277482688426971
8.463159620761871
8.274009346961975
8.413789868354797
8.432394862174988
8.335143327713013
8.242940843105316
8.226793825626373
8.327735185623169
8.24454128742218
8.278177499771118
8.226666152477264
8.144766628742218
8.172216296195984
8.186059296131134
8.05450826883316
8.218323290348053
8.056071102619171
8.240266978740692
8.13625854253769
8.057723343372345
8.069520831108093
7.930675983428955
8.045494019985199
7.925590813159943
8.183432340621948
7.9347376227378845
8.04125064611435
8.096726775169373
8.058250665664673
7.953211307525635
7.973499059677124
7.988072454929352
8.052899956703186
8.167135655879974
7.896981477737427
7.912213861942291
7.845613658428192
8.074889123439789
7.914707541465759
7.850529968738556
8.019571840763092
8.108214318752289
8.028076648712158
8.269409358501434
7.954492688179016
8.209123015403748
7.889927089214325
8.030335068702698
8.010767042636871
8.120938897132874
7.965359687805176
8.05789977312088
8.171550035476685
8.0514697432518
7.9507142305374146
8.087412178516388
7.941655158996582
7.992996990680695
8.155295610427856
8.023345530033112
7.91479879617691
7.840150535106659
7.901843786239624
7.913231194019318
7.961963593959808
7.900580823421478
8.061540305614471
7.961040616035461
7.806285262107849
7.957249641418457
8.013736963272095
7.999176740646362
8.15848195552826
7.96576315164566
8.00433623790741
8.010302722454071
7.7074702978134155
7.969448029994965
7.985823392868042
7.824928641319275
7.9567437171936035
7.907479524612427
7.937255442142487
7.76802533864975
7.788306832313538
7.8015881180763245
7.823264002799988
8.166361451148987
7.816449701786041
8.06825441122055
8.108753442764282
7.858627617359161
7.973618507385254
8.258577406406403
8.216983437538147
8.078951001167297
7.785177409648895
7.698678493499756
8.03635984659195
8.100418627262115
7.831168293952942
7.96480131149292
8.009852170944214
8.133117854595184
7.91782945394516
7.893000483512878
7.9832524061203
8.012655138969421
7.940204977989197
7.92174768447876
7.930520951747894
7.691718280315399
7.9874913692474365
7.883000493049622
8.123529255390167
8.129721820354462
7.775144696235657
7.805486857891083
7.912815809249878
7.865074813365936
7.83821702003479
7.995568513870239
7.9432671666145325
7.744645118713379
8.258751511573792
7.9839489459991455
8.049340605735779
7.8733891248703
7.947658181190491
7.931039333343506
7.824453711509705
7.710292100906372
7.909919083118439
7.951994597911835
7.997175455093384
7.8569318652153015
8.037203073501587
7.925044894218445
7.892889738082886
8.004319071769714
7.957276463508606
8.032649219036102
7.761740684509277
7.781588137149811
7.955611705780029
7.984857439994812
7.989128410816193
7.896221041679382
8.086869239807129
7.993662893772125
7.965685784816742
7.896650910377502
8.09302282333374
7.797094345092773
8.106808304786682
7.690167725086212
8.107301831245422
7.829300940036774
8.04743868112564
7.7308191657066345
7.8437864780426025
7.943662047386169
7.848156809806824
7.877194106578827
8.11475145816803
8.016242742538452
8.063470363616943
7.950515627861023
7.895911931991577
7.971441686153412
7.728617370128632
7.803930759429932
8.116654872894287
7.78269898891449
7.982899487018585
7.893396258354187
7.816551864147186
8.001031458377838
7.74906724691391
8.218944549560547
7.715014457702637
8.051274359226227
7.623587369918823
7.836852729320526
7.947862982749939
7.9599621295928955
8.00070470571518
7.946836233139038
7.748116910457611
7.935518503189087
7.930438220500946
7.900318026542664
7.970345914363861
7.971957623958588
7.781512022018433
8.017348289489746
7.867800176143646
7.862655937671661
7.8442001938819885
8.035090684890747
7.963602900505066
7.868586421012878
7.836285352706909
7.967280983924866
7.755173683166504
7.921002089977264
7.922119557857513
8.073780357837677
7.950621843338013
7.830919921398163
7.8844457268714905
7.812604546546936
7.964883089065552
7.689000248908997
7.645317375659943
8.021541237831116
7.895651042461395
8.06179141998291
8.05737966299057
7.90892618894577
7.582771301269531
7.881003558635712
7.83004766702652
7.970454275608063
7.980143845081329
7.98018079996109
7.7828896045684814
7.873727917671204
7.592255234718323
7.896765053272247
7.976426541805267
7.823833584785461
7.934831619262695
7.852266848087311
7.886141419410706
7.8344427943229675
7.92127251625061
7.948520362377167
7.9163665771484375
7.763373970985413
7.815319836139679
7.7644559144973755
7.897022306919098
7.6610517501831055
7.954539477825165
7.9682066440582275
7.758884012699127
7.861497461795807
7.692488849163055
7.986951529979706
7.81102329492569
7.723515212535858
7.793426752090454
7.8015241622924805
8.053125023841858
8.001289248466492
7.829994559288025
7.624454021453857
7.934968948364258
8.045043230056763
7.717906296253204
7.7583648562431335
7.838082551956177
7.920286059379578
7.876502752304077
7.910992503166199
7.825935244560242
7.680577218532562
8.001169264316559
7.775780439376831
7.772529363632202
7.764687597751617
7.8187180161476135
8.003172874450684
7.866909325122833
7.68619441986084
7.756186783313751
7.758771657943726
7.932501792907715
7.888741970062256
7.726761043071747
7.829972922801971
7.729275941848755
7.967587769031525
7.77588826417923
7.811641335487366
7.876145541667938
7.92955470085144
7.62341433763504
7.654444873332977
7.840545356273651
7.91633802652359
7.711755633354187
7.83146196603775
7.8234440088272095
7.672804117202759
7.682573139667511
7.855160057544708
7.857020556926727
7.508334636688232
7.7443066239356995
7.76174384355545
8.060625910758972
7.853010594844818
7.795546770095825
7.685227870941162
7.97092342376709
7.903840243816376
7.804340600967407
7.449126183986664
7.824733734130859
7.811691045761108
8.056411266326904
7.648616552352905
7.789802253246307
7.710860967636108
7.559086918830872
7.836491823196411
8.023493885993958
7.835591793060303
7.908762812614441
7.720477879047394
7.819786190986633
7.724285960197449
7.775142669677734
7.525734901428223
7.741639614105225
7.932767033576965
7.898487210273743
7.745353281497955
7.561683833599091
7.864396512508392
7.979388892650604
7.8023335337638855
7.58418595790863
7.847487807273865
7.652480363845825
7.870340406894684
7.7603259682655334
7.75322037935257
7.8458293080329895
7.775293588638306
7.61653745174408
7.794066309928894
7.779642224311829
7.648725271224976
7.783742845058441
7.796621322631836
7.661624550819397
7.7405641078948975
7.646385967731476
7.59768009185791
7.589861690998077
7.907372891902924
7.712750494480133
7.863245964050293
7.767430305480957
7.847236812114716
7.913345694541931
7.688372373580933
7.894641816616058
7.574729681015015
7.76459676027298
7.6379178166389465
7.764379501342773
7.7938010692596436
7.635537564754486
7.659313201904297
7.731370210647583
7.657086551189423
7.7455026507377625
7.797438263893127
7.889435052871704
7.539335787296295
7.821031153202057
7.743862092494965
7.624634861946106
7.728347897529602
7.700865864753723
8.007749497890472
7.779590606689453
7.576371371746063
7.7392213344573975
7.916304886341095
7.779171407222748
7.832129597663879
7.578158617019653
7.951324999332428
7.878466367721558
7.773582816123962
7.605113923549652
7.641574263572693
7.943995356559753
7.708030641078949
7.750385761260986
7.749379992485046
7.755185484886169
7.574389815330505
7.770653128623962
7.8447670340538025
7.640054225921631
7.761057257652283
7.746383368968964
7.838613212108612
7.800238013267517
7.635619282722473
7.5294917821884155
7.882081210613251
7.8678595423698425
7.698826789855957
8.062774896621704
7.55829519033432
7.757293999195099
7.647715270519257
7.62305349111557
7.539786756038666
7.477939605712891
7.636907696723938
7.625902473926544
7.869649171829224
7.696288883686066
7.640962362289429
7.660953938961029
7.633950591087341
7.744295656681061
7.637088179588318
7.66668438911438
7.482684016227722
7.706647098064423
7.813198149204254
7.768503308296204
7.755519330501556
7.632193863391876
7.704563081264496
7.524875998497009
7.685171484947205
7.767432630062103
7.702545642852783
7.472047567367554
7.784309804439545
7.778470456600189
7.594993412494659
7.5394240617752075
7.6064377427101135
7.935028791427612
7.76129025220871
7.636112809181213
7.904318809509277
7.601745009422302
7.7079485058784485
7.701837956905365
7.652967035770416
7.4430729150772095
7.4944193959236145
7.718265891075134
7.764276444911957
7.61687844991684
7.610757052898407
7.5868337750434875
7.541949272155762
7.644382655620575
7.4676966071128845
7.686246693134308
7.463773250579834
7.701286792755127
7.441621363162994
7.764860272407532
7.5753127336502075
7.904421508312225
7.754976332187653
7.610343635082245
7.563906967639923
7.7311185002326965
7.562731325626373
7.552095949649811
7.6562323570251465
7.415879011154175
7.413859784603119
7.644711852073669
7.724514126777649
7.669852793216705
7.629054844379425
7.5188592076301575
7.602995872497559
7.989368915557861
7.68601393699646
7.647590517997742
7.784654378890991
7.492694437503815
7.431827425956726
7.71941751241684
7.856602787971497
7.704260528087616
7.60591596364975
7.860913455486298
7.549126505851746
7.707477033138275
7.493160128593445
7.732064187526703
7.9135571122169495
7.609733760356903
7.552784740924835
7.588161528110504
7.686409175395966
7.7529361844062805
7.9864455461502075
7.548603177070618
7.518743991851807
7.607953131198883
7.378733694553375
7.92340350151062
7.8550384640693665
7.622469842433929
7.702487587928772
7.81157773733139
7.461891710758209
7.951693058013916
7.425260961055756
7.623133361339569
7.8092116713523865
7.588053822517395
7.649177551269531
7.75997668504715
7.416445672512054
7.64084255695343
7.399279236793518
7.464217722415924
7.880090355873108
7.713634252548218
7.633293569087982
7.659805238246918
7.542227506637573
7.5176175236701965
7.876883506774902
7.617107272148132
7.644522488117218
7.556638121604919
7.453264355659485
7.906712234020233
7.535030961036682
7.71303254365921
7.647161543369293
7.825888097286224
7.327695965766907
7.514425218105316
7.4823028445243835
7.462736248970032
7.6787784695625305
7.404079616069794
7.701361894607544
7.647095739841461
7.704190731048584
7.556727230548859
7.607496500015259
7.411711633205414
7.770647644996643
7.535078465938568
7.550113558769226
7.570632517337799
7.578724205493927
7.809628248214722
7.477393925189972
7.475473642349243
7.332164227962494
7.685869097709656
7.189521253108978
7.706458806991577
7.414324104785919
7.634772837162018
7.575065553188324
7.149846911430359
7.664332091808319
7.522883653640747
7.457989692687988
7.740408480167389
7.696847200393677
7.584838926792145
7.624487996101379
7.522786557674408
7.780418038368225
7.492053151130676
7.798646688461304
7.571928977966309
7.567634344100952
7.372160255908966
7.719880521297455
7.49708217382431
7.49704509973526
7.619335889816284
7.413134872913361
7.797121942043304
7.71874725818634
7.5578635931015015
7.537427484989166
7.654986679553986
7.395743668079376
7.326758921146393
7.629920601844788
7.466026306152344
7.526916444301605
7.739007830619812
7.39250123500824
7.431997895240784
7.841885983943939
7.539911508560181
7.520364046096802
7.60620903968811
7.296595513820648
7.636759579181671
7.5178722739219666
7.816007137298584
7.387107312679291
7.6311187744140625
7.615620791912079
7.477501034736633
7.69403874874115
7.732622265815735
7.3981815576553345
7.5650723576545715
7.6836143136024475
7.5809913873672485
7.488587498664856
7.430853366851807
7.714206755161285
7.591705322265625
7.540105938911438
7.469167172908783
7.46159040927887
7.470502614974976
7.494117617607117
7.49337112903595
7.625771522521973
7.648763060569763
7.340113878250122
7.6507405042648315
7.689967215061188
7.3844292759895325
7.536719262599945
7.384037375450134
7.547562897205353
7.590723991394043
7.5168004631996155
7.498368501663208
7.702787518501282
7.586587727069855
7.598841369152069
7.475370764732361
7.859116435050964
7.725827515125275
7.501708745956421
7.421236097812653
7.238288700580597
7.643948674201965
7.51407390832901
7.39287257194519
7.622064828872681
7.669156789779663
7.54573655128479
7.540444493293762
7.522310495376587
7.158877730369568
7.538087844848633
7.597443759441376
7.630080342292786
7.55291610956192
7.404647409915924
7.45663195848465
7.637062728404999
7.559092819690704
7.321330189704895
7.501206994056702
7.48477566242218
7.440464377403259
7.311804413795471
7.54403418302536
7.452726304531097
7.548644483089447
7.483246028423309
7.518028676509857
7.277198076248169
7.5613537430763245
7.512049734592438
7.465090334415436
7.392863929271698
7.279662787914276
7.689711093902588
7.553868472576141
7.452790439128876
7.553294539451599
7.43386971950531
7.527688801288605
7.559831857681274
7.630581200122833
7.544986665248871
7.908188343048096
7.386455237865448
7.453396558761597
7.38468736410141
7.694636583328247
7.554604768753052
7.534664809703827
7.590359330177307
7.805628836154938
7.490235924720764
7.5240373611450195
7.603586971759796
7.464398384094238
7.4702964425086975
7.526036500930786
7.498294770717621
7.515256285667419
7.3378177881240845
7.488007009029388
7.571727871894836
7.614021599292755
7.497166216373444
7.654347717761993
7.460553050041199
7.3769232630729675
7.460084676742554
7.632869005203247
7.589114546775818
7.579780340194702
7.643141210079193
7.544149875640869
7.675983965396881
7.245113551616669
7.674686908721924
7.499409019947052
7.574943244457245
7.422819256782532
7.356286525726318
7.75467175245285
7.391158998012543
7.464909255504608
7.513216853141785
7.527798175811768
7.665291011333466
7.127033293247223
7.51579612493515
7.40214616060257
7.44085156917572
7.359598457813263
7.394605755805969
7.4597084522247314
7.512007355690002
7.524112582206726
7.487411201000214
7.622918009757996
7.361030638217926
7.598673164844513
7.562922894954681
7.546115875244141
7.502676963806152
7.3232725858688354
7.5203351974487305
7.429516315460205
7.657463073730469
7.555283010005951
7.362821877002716
7.240974247455597
7.641069114208221
7.606775760650635
7.33492124080658
7.379785001277924
7.666690766811371
7.554872214794159
7.516827344894409
7.427428483963013
7.213742673397064
7.135817587375641
7.409602105617523
7.483612418174744
7.6433218121528625
7.569308280944824
7.551997542381287
7.468961298465729
7.5949583649635315
7.527252435684204
7.71095734834671
7.369162738323212
7.43601793050766
7.356835246086121
7.426592171192169
7.410490989685059
7.552784025669098
7.67312616109848
7.487454950809479
7.364354193210602
7.369163691997528
7.460483014583588
7.698508441448212
7.542452573776245
7.502038538455963
7.573844730854034
7.446240067481995
7.416562974452972
7.246256351470947
7.267133414745331
7.616439580917358
7.571682393550873
7.4705963134765625
7.632344484329224
7.390455484390259
7.511058211326599
7.3915321826934814
7.380213141441345
7.307367622852325
7.428587436676025
7.363740563392639
7.333259582519531
7.329053521156311
7.493453204631805
7.583869457244873
7.722941517829895
7.52200186252594
7.720288932323456
7.551256895065308
7.363783895969391
7.472607970237732
7.618276238441467
7.384053111076355
7.426828563213348
7.178441882133484
7.3969205021858215
7.417962670326233
7.301570653915405
7.313547253608704
7.3440128564834595
7.598445951938629
7.359943330287933
7.431499660015106
7.416565120220184
7.642976701259613
7.592603266239166
7.479320466518402
7.691374957561493
7.528462588787079
7.427855849266052
7.383496582508087
7.666350543498993
7.663691222667694
7.497574627399445
7.4494606256484985
7.671831369400024
7.363270699977875
7.532870411872864
7.318346381187439
7.1808947920799255
7.7069637179374695
7.462385177612305
7.2781437039375305
7.594036161899567
7.5453343987464905
7.356297016143799
7.473918378353119
7.4329909682273865
7.299544930458069
7.484794914722443
7.490982711315155
7.169857919216156
7.460308313369751
7.059967279434204
7.233841240406036
7.612062335014343
7.579647958278656
7.2696022391319275
7.501427114009857
7.387552917003632
7.332082450389862
7.37896203994751
7.725500643253326
7.301506817340851
7.6490495800971985
7.433942198753357
7.322868585586548
7.617043614387512
7.391166150569916
7.306407570838928
7.456772208213806
7.2341790199279785
7.726946413516998
7.600813150405884
7.388531684875488
7.600918114185333
7.665105938911438
7.383035659790039
7.152741193771362
7.425214409828186
7.552546501159668
7.530343651771545
7.527871191501617
7.320413887500763
7.3436755537986755
7.186547696590424
7.50021755695343
7.32629519701004
7.636679470539093
7.372651755809784
7.460333585739136
7.489308714866638
7.422738015651703
7.579382061958313
7.252039670944214
7.301966428756714
7.375828325748444
7.6408098340034485
7.331726014614105
7.446058750152588
7.478685915470123
7.436340689659119
7.433332562446594
7.390016257762909
7.472563624382019
7.289117455482483
7.257051587104797
7.4742311835289
7.386659741401672
7.431257843971252
7.47514134645462
7.403076231479645
7.782015919685364
7.337666034698486
7.383565843105316
7.256042122840881
7.3588255643844604
7.369841575622559
7.5959054827690125
7.572797000408173
7.445798397064209
7.329205274581909
7.584894597530365
7.538521587848663
7.555917978286743
7.5737011432647705
7.576134264469147
7.3744648694992065
7.402643322944641
7.486747682094574
7.324615120887756
7.292922735214233
7.3450581431388855
7.596897304058075
7.715469539165497
7.2048065066337585
7.316972076892853
7.275391340255737
7.081035077571869
7.2974618673324585
7.5445685386657715
7.49264669418335
7.5730202198028564
7.486538052558899
7.088260173797607
7.444557249546051
7.276287019252777
7.324042499065399
7.519630491733551
7.283912241458893
7.276097893714905
7.501322329044342
7.458460509777069
7.229268968105316
7.358915090560913
7.674347877502441
7.467019736766815
7.1353248953819275
7.399975419044495
7.283072352409363
7.567681968212128
7.351346969604492
7.292728364467621
7.425972640514374
7.460271537303925
7.652915000915527
7.265247642993927
7.379147827625275
7.335555672645569
7.385554194450378
