10.788555145263672
10.787574768066406
10.711169242858887
10.72766399383545
10.717643737792969
10.678278923034668
10.63656997680664
10.628214836120605
10.476607322692871
10.553579330444336
10.538457870483398
10.415905952453613
10.464849472045898
10.45765495300293
10.45532512664795
10.330648422241211
10.265061378479004
10.32082748413086
10.390579223632812
10.462116241455078
10.276216506958008
10.406010627746582
10.298818588256836
10.276278495788574
10.285243034362793
10.330415725708008
10.188549041748047
10.268011093139648
10.215791702270508
10.180298805236816
10.18366813659668
10.11125373840332
10.103998184204102
10.071673393249512
10.086125373840332
10.067413330078125
10.09040355682373
10.062026977539062
10.138069152832031
10.030628204345703
9.92323112487793
9.952642440795898
9.870061874389648
9.856995582580566
9.841323852539062
9.916596412658691
9.735616683959961
9.827993392944336
9.770357131958008
9.815183639526367
9.740318298339844
9.690262794494629
9.697273254394531
9.662463188171387
9.76811408996582
9.581518173217773
9.542346000671387
9.462958335876465
9.554732322692871
9.45606517791748
9.42515754699707
9.456815719604492
9.5213623046875
9.429852485656738
9.525651931762695
9.32634449005127
9.433185577392578
9.260009765625
9.318344116210938
9.246126174926758
9.275723457336426
9.2140531539917
9.194320678710938
9.195534706115723
9.13965892791748
9.097101211547852
9.102001190185547
8.942913055419922
8.97092056274414
9.090897560119629
8.982033729553223
8.859636306762695
8.756136894226074
8.761322021484375
8.81737995147705
8.721114158630371
8.722918510437012
8.774595260620117
8.69576644897461
8.609570503234863
8.628872871398926
8.626032829284668
8.593561172485352
8.701021194458008
8.489912033081055
8.582658767700195
8.496221542358398
8.309837341308594
8.462162017822266
8.48460578918457
8.309146881103516
8.381918907165527
8.312607765197754
8.303912162780762
8.226171493530273
8.165300369262695
8.224900245666504
8.163975715637207
8.534390449523926
8.163956642150879
8.31760025024414
8.343344688415527
8.119890213012695
8.185041427612305
8.342440605163574
8.366185188293457
8.28889274597168
7.9991302490234375
7.934600353240967
8.228375434875488
8.295161247253418
8.012406349182129
8.131114959716797
8.17262077331543
8.242313385009766
8.015398025512695
7.976965427398682
8.089498519897461
8.011795997619629
8.04239559173584
8.007503509521484
8.029399871826172
7.793997764587402
8.14484691619873
8.04093074798584
8.199238777160645
8.196454048156738
7.865331649780273
7.943906307220459
7.994809150695801
7.910213470458984
7.898390293121338
8.012628555297852
8.04129409790039
7.835421562194824
8.254487991333008
8.129962921142578
8.141326904296875
7.962864398956299
8.01314926147461
7.990114212036133
7.8943963050842285
7.781777381896973
8.008298873901367
8.011578559875488
8.056700706481934
7.936154365539551
8.07030200958252
7.936522960662842
7.94574499130249
8.05352783203125
8.016511917114258
8.088787078857422
7.825213432312012
7.852384090423584
7.9879045486450195
8.030257225036621
8.015565872192383
7.93956995010376
8.124649047851562
8.062342643737793
8.042470932006836
7.949278354644775
8.163000106811523
7.841578483581543
8.150877952575684
7.752684593200684
8.166754722595215
7.8577704429626465
7.941999912261963
7.768373012542725
7.902435302734375
8.00040340423584
7.873787879943848
7.900604248046875
8.136775970458984
8.116064071655273
8.078564643859863
8.021339416503906
7.943604469299316
8.027816772460938
7.792673110961914
7.841378688812256
8.123980522155762
7.840518474578857
8.013473510742188
7.946783542633057
7.865603923797607
8.040384292602539
7.8071980476379395
8.267260551452637
7.738827228546143
8.098647117614746
7.671699047088623
7.898393630981445
8.004043579101562
8.001340866088867
8.063370704650879
7.988053321838379
7.803056240081787
7.965333461761475
7.983785629272461
7.9388017654418945
8.04494571685791
8.023858070373535
7.82239294052124
8.0429105758667
7.8747453689575195
7.978724479675293
7.881357192993164
8.101901054382324
8.023431777954102
7.87980318069458
7.91569709777832
7.995222568511963
7.801145076751709
7.985931396484375
7.995687484741211
8.137456893920898
7.988880634307861
7.870916366577148
7.927262306213379
7.8469743728637695
8.020492553710938
7.74601411819458
7.672562599182129
8.053253173828125
7.929984092712402
8.085100173950195
8.075297355651855
7.930698871612549
7.623270511627197
7.893819332122803
7.868696689605713
7.992089748382568
8.085183143615723
8.05563735961914
7.809224605560303
7.973418712615967
7.629480838775635
7.949867248535156
8.038670539855957
7.862406253814697
7.9694414138793945
7.885872840881348
7.925092697143555
7.884489059448242
7.94378662109375
7.955234527587891
7.922300815582275
7.825466156005859
7.846133708953857
7.793582916259766
7.928704738616943
7.702130317687988
7.9921722412109375
8.006256103515625
7.811166286468506
7.898086071014404
7.763322353363037
8.033286094665527
7.846109390258789
7.707081317901611
7.8531813621521
7.8309125900268555
8.017080307006836
8.07680606842041
7.8919525146484375
7.692758083343506
8.023111343383789
8.094477653503418
7.7705535888671875
7.79495906829834
7.880849838256836
7.964977741241455
7.930535793304443
7.958765983581543
7.864706993103027
7.719484329223633
8.051462173461914
7.839631080627441
7.824301719665527
7.815666198730469
7.8745198249816895
8.080818176269531
7.925485610961914
7.7384443283081055
7.788921356201172
7.820036888122559
7.990870475769043
7.922577381134033
7.796871662139893
7.8625593185424805
7.777081489562988
8.032441139221191
7.81655216217041
7.859557628631592
7.904362678527832
7.97299861907959
7.697631359100342
7.706014633178711
7.879732608795166
7.966187477111816
7.762752056121826
7.876011371612549
7.87916374206543
7.725185394287109
7.729607582092285
7.925477027893066
7.919966220855713
7.568296432495117
7.805910110473633
7.833982944488525
8.10525894165039
7.902711868286133
7.852992057800293
7.720484733581543
8.047304153442383
7.946383476257324
7.8518171310424805
7.501677989959717
7.880528926849365
7.8630499839782715
8.090245246887207
7.686068534851074
7.858412742614746
7.761723041534424
7.623382568359375
7.891432285308838
8.067319869995117
7.894937515258789
7.973957061767578
7.764181137084961
7.890247344970703
7.779995441436768
7.844637393951416
7.594392776489258
7.814943313598633
7.983428955078125
7.992721080780029
7.825213432312012
7.635406970977783
7.961319446563721
8.070940971374512
7.869997501373291
7.666150093078613
7.9151611328125
7.70353889465332
7.984539031982422
7.84618616104126
7.808784008026123
7.916888236999512
7.862153053283691
7.703210830688477
7.879573345184326
7.869010925292969
7.723424434661865
7.8698554039001465
7.884063243865967
7.73988151550293
7.8343915939331055
7.719395637512207
7.671799182891846
7.697160243988037
7.984241008758545
7.786246299743652
7.9231719970703125
7.8755693435668945
7.9199442863464355
8.001611709594727
7.819929599761963
7.931512355804443
7.660482883453369
7.830588340759277
7.722817420959473
7.881106376647949
7.857213973999023
7.721701145172119
7.772782325744629
7.819740295410156
7.732334136962891
7.829107284545898
7.862601280212402
7.953767776489258
7.621899604797363
7.892000198364258
7.845789432525635
7.702209949493408
7.803078651428223
7.789749622344971
8.062280654907227
7.844968795776367
7.652973651885986
7.812281608581543
8.018309593200684
7.851428031921387
7.863658905029297
7.66201114654541
8.004143714904785
7.915966033935547
7.872066497802734
7.684924602508545
7.7203874588012695
8.047189712524414
7.7925310134887695
7.793735980987549
7.816357612609863
7.818526268005371
7.632188320159912
7.85653829574585
7.9019856452941895
7.698862075805664
7.832220077514648
7.820446491241455
7.909642219543457
7.887172698974609
7.693899154663086
7.632821559906006
7.965584754943848
7.938253402709961
7.766185283660889
8.129425048828125
7.638617992401123
7.834531784057617
7.710134506225586
7.708306789398193
7.615860939025879
7.557906150817871
7.727637767791748
7.708564281463623
7.970273971557617
7.762822151184082
7.722165107727051
7.743316650390625
7.721468925476074
7.822947978973389
7.729492664337158
7.744872093200684
7.559564590454102
7.773592948913574
7.883153915405273
7.830375671386719
7.803430557250977
7.715122222900391
7.784696578979492
7.590733051300049
7.753857612609863
7.8444108963012695
7.7888383865356445
7.572942733764648
7.875247955322266
7.8569135665893555
7.6634135246276855
7.619518280029297
7.671194076538086
7.9911675453186035
7.837193489074707
7.685642719268799
7.982741355895996
7.678793430328369
7.779561519622803
7.730558395385742
7.718159198760986
7.533594608306885
7.573397636413574
7.775824546813965
7.84293270111084
7.704039573669434
7.679741859436035
7.653791427612305
7.6120829582214355
7.693059921264648
7.555340766906738
7.748894691467285
7.5442914962768555
7.795022964477539
7.510141849517822
7.832393169403076
7.638396263122559
7.963868141174316
7.830164909362793
7.658797264099121
7.63788366317749
7.79431676864624
7.6356120109558105
7.619133949279785
7.719855308532715
7.484338760375977
7.480083465576172
7.7107744216918945
7.781068801879883
7.7411651611328125
7.672713279724121
7.563502788543701
7.641356468200684
8.046473503112793
7.750123500823975
7.694116592407227
7.875474452972412
7.538788318634033
7.507033824920654
7.772619247436523
7.917995452880859
7.751928806304932
7.656356334686279
7.9443583488464355
7.606707572937012
7.7784423828125
7.583811283111572
7.823018550872803
8.01638126373291
7.6916656494140625
7.626056671142578
7.6374311447143555
7.733386039733887
7.805410861968994
7.984118461608887
7.597911834716797
7.58919095993042
7.629514217376709
7.421836853027344
7.983285427093506
7.9116597175598145
7.68923282623291
7.745488166809082
7.866987228393555
7.525998592376709
8.00421142578125
7.440496921539307
7.673952579498291
7.877872943878174
7.634966850280762
7.683892250061035
7.827839374542236
7.497099876403809
7.670899391174316
7.454154968261719
7.507372856140137
7.931306838989258
7.748465061187744
7.689380645751953
7.723809242248535
7.602807998657227
7.5952982902526855
7.94362211227417
7.679136276245117
7.669820785522461
7.636744976043701
7.524208068847656
7.9350080490112305
7.587876319885254
7.763919830322266
7.69144868850708
7.876779079437256
7.408943176269531
7.584325790405273
7.531824111938477
7.515205383300781
7.744658470153809
7.475139617919922
7.745532989501953
7.71832799911499
7.736541748046875
7.622175216674805
7.661413669586182
7.481817245483398
7.846187591552734
7.5962934494018555
7.609705448150635
7.620838165283203
7.617930889129639
7.835213661193848
7.530742645263672
7.547765731811523
7.385715961456299
7.737767219543457
7.244590759277344
7.745422840118408
7.500448226928711
7.705536842346191
7.640114784240723
7.203425884246826
7.711341857910156
7.550515651702881
7.509274482727051
7.7723708152771
7.736170768737793
7.63479471206665
7.665884971618652
7.576013565063477
7.843250274658203
7.533209800720215
7.873353004455566
7.617361545562744
7.598047256469727
7.444608688354492
7.7899861335754395
7.567166805267334
7.541435241699219
7.681797504425049
7.46530818939209
7.859237194061279
7.792957782745361
7.618968486785889
7.575832843780518
7.700494766235352
7.45881986618042
7.382965087890625
7.70482873916626
7.525259494781494
7.573219299316406
7.7943620681762695
7.446623802185059
7.474113941192627
7.875312328338623
7.596068859100342
7.568262100219727
7.6418633460998535
7.345504283905029
7.689965724945068
7.576035499572754
7.889886856079102
7.438653945922852
7.680855751037598
7.677891731262207
7.538280487060547
7.7264909744262695
7.811068534851074
7.453082084655762
7.601414680480957
7.7355828285217285
7.64487886428833
7.52449893951416
7.481726169586182
7.778364181518555
7.638978004455566
7.608622074127197
7.517778396606445
7.498481273651123
7.509560585021973
7.546333312988281
7.576775550842285
7.692601680755615
7.681872844696045
7.402170658111572
7.70891809463501
7.773476600646973
7.428135395050049
7.609856128692627
7.449721336364746
7.583878993988037
7.662310600280762
7.574823379516602
7.5519795417785645
7.759442329406738
7.648038387298584
7.638840675354004
7.512381553649902
7.923230171203613
7.770655155181885
7.557136535644531
7.465039253234863
7.288787841796875
7.6989593505859375
7.5611467361450195
7.436439514160156
7.668805122375488
7.736711025238037
7.587149143218994
7.579567909240723
7.587992191314697
7.224908828735352
7.58718204498291
7.638322830200195
7.674588203430176
7.604704856872559
7.465667724609375
7.51164436340332
7.684597492218018
7.611441612243652
7.381247520446777
7.556474685668945
7.545602321624756
7.499371528625488
7.354811668395996
7.606240749359131
7.5172882080078125
7.598896503448486
7.5087103843688965
7.554235935211182
7.311285972595215
7.610530376434326
7.552976131439209
7.492956638336182
7.448813438415527
7.320287704467773
7.745151996612549
7.600381851196289
7.490757465362549
7.607028484344482
7.468352317810059
7.582967281341553
7.60943078994751
7.679019927978516
7.5834736824035645
7.978414058685303
7.452376842498779
7.491061210632324
7.443050861358643
7.745987892150879
7.583210468292236
7.581457138061523
7.646704196929932
7.852282524108887
7.554089546203613
7.5774359703063965
7.652946949005127
7.523584365844727
7.514304161071777
7.588750839233398
7.557546615600586
7.555598258972168
7.384628772735596
7.553837776184082
7.60307502746582
7.667953014373779
7.558221817016602
7.713197708129883
7.488563060760498
7.421936988830566
7.515681266784668
7.694955825805664
7.636098861694336
7.6246232986450195
7.682413578033447
7.597617149353027
7.726786136627197
7.31797981262207
7.729650497436523
7.555561542510986
7.62947416305542
7.467418670654297
7.398444652557373
7.797553062438965
7.437961578369141
7.527809143066406
7.560099124908447
7.590832233428955
7.729969501495361
7.192147731781006
7.56008768081665
7.426971435546875
7.481349945068359
7.41450309753418
7.44289493560791
7.523874282836914
7.573413372039795
7.567778587341309
7.5017218589782715
7.669909477233887
7.391995906829834
7.65108060836792
7.609999179840088
7.601304054260254
7.543376922607422
7.366209030151367
7.570005893707275
7.449410438537598
7.717395782470703
7.602911949157715
7.408383369445801
7.296579837799072
7.669497489929199
7.652256011962891
7.383862495422363
7.413661956787109
7.707568168640137
7.571887969970703
7.562504768371582
7.480200290679932
7.2491960525512695
7.191064834594727
7.45957088470459
7.546301364898682
7.719200134277344
7.616795539855957
7.609076499938965
7.492711544036865
7.632445335388184
7.557979106903076
7.72452449798584
7.423175811767578
7.483098030090332
7.416462421417236
7.4840779304504395
7.478789806365967
7.585758209228516
7.735624313354492
7.5178022384643555
7.4374470710754395
7.415611267089844
7.513842582702637
7.7428741455078125
7.5892791748046875
7.540561676025391
7.613343238830566
7.474336624145508
7.471728801727295
7.315962791442871
7.267927646636963
7.680588722229004
7.644477367401123
7.505797386169434
7.682557582855225
7.435977935791016
7.57296895980835
7.441612243652344
7.432693004608154
7.347150802612305
7.4778313636779785
7.39168119430542
7.389062881469727
7.395930767059326
7.544157028198242
7.628838539123535
7.77608585357666
7.557620048522949
7.756937503814697
7.600546360015869
7.441918849945068
7.541616439819336
7.6659135818481445
7.446895122528076
7.451875686645508
7.2079243659973145
7.4347147941589355
7.4608540534973145
7.339148998260498
7.353479385375977
7.405093669891357
7.634937763214111
7.402529239654541
7.484785079956055
7.447250843048096
7.693487167358398
7.6303629875183105
7.516202449798584
7.706567287445068
7.57006311416626
7.448488235473633
7.406120300292969
7.699457168579102
7.698525428771973
7.552840709686279
7.47965669631958
7.709304332733154
7.379827499389648
7.590583324432373
7.3555402755737305
7.242006778717041
7.738498687744141
7.503459930419922
7.306234836578369
7.633700847625732
7.59968900680542
7.4187421798706055
7.509275913238525
7.480867385864258
7.3271636962890625
7.534035682678223
7.5160417556762695
7.220217704772949
7.4868669509887695
7.095726013183594
7.269227027893066
7.685821056365967
7.642002105712891
7.313170433044434
7.544469356536865
7.433627128601074
7.360586643218994
7.397261619567871
7.780583381652832
7.346240043640137
7.697096824645996
7.468909740447998
7.34218692779541
7.663473129272461
7.428178787231445
7.35591459274292
7.515659332275391
7.275181770324707
7.7534990310668945
7.6505446434021
7.421589374542236
7.649250030517578
7.695545196533203
7.440272808074951
7.216093063354492
7.463386058807373
7.579770565032959
7.5771636962890625
7.595556259155273
7.381811618804932
7.405211448669434
7.230707168579102
7.529408931732178
7.364243030548096
7.674001216888428
7.410590171813965
7.496693134307861
7.5278167724609375
7.468761920928955
7.624041557312012
7.308313846588135
7.345210552215576
7.425233840942383
7.686446189880371
7.382308006286621
7.516118049621582
7.500703811645508
7.488656997680664
7.4557952880859375
7.425914764404297
7.539278984069824
7.344274044036865
7.314974784851074
7.497025489807129
7.401076316833496
7.495991230010986
7.554418087005615
7.4642791748046875
7.809062957763672
7.387136936187744
7.406928062438965
7.293191432952881
7.391716003417969
7.426052093505859
7.622385025024414
7.660528182983398
7.501775741577148
7.395071029663086
7.657319068908691
7.570028305053711
7.580066204071045
7.6127800941467285
7.5996246337890625
7.404597282409668
7.437252521514893
7.536162376403809
7.365774631500244
7.34171199798584
7.398011684417725
7.664242744445801
7.751596450805664
7.276848316192627
7.377196311950684
7.303572654724121
7.115820407867432
7.345205307006836
7.617191314697266
7.525991439819336
7.628817081451416
7.538133144378662
7.129025936126709
7.490462303161621
7.320219993591309
7.394536018371582
7.577538967132568
7.319300651550293
7.320510387420654
7.532933235168457
7.514046669006348
7.280258655548096
7.416297912597656
7.714186668395996
7.509779453277588
7.153806686401367
7.449484348297119
7.326525688171387
7.604525089263916
7.422957897186279
7.309158802032471
7.495461463928223
7.495784282684326
7.724076271057129
7.293035507202148
7.4312639236450195
7.38212251663208
7.429335594177246
