
10.055233
9.722597
9.566666
9.469397
9.463067
9.382166
9.351902
9.326908
9.272715
9.1736355
9.162555
9.093354
9.072664
9.048923
8.914014
8.8718
8.8363695
8.870169
8.776605
8.770578
8.718552
8.631186
8.537278
8.528356
8.498246
8.464585
8.514299
8.349215
8.306905
8.299031
8.229602
8.205483
8.04928
8.208497
7.9919972
8.028604
7.978629
8.082223
7.8801627
7.940374
7.887543
7.828789
7.707153
7.721408
7.754211
7.873347
7.64784
7.610654
7.6550574
7.606257
7.4173594
7.513062
7.5448613
7.3507314
7.3960238
7.3674097
7.4223843
7.1973777
7.3791723
7.438512
7.1458144
7.2781444
7.068232
7.219274
7.3164887
7.425799
7.1652436
7.11129
7.2192364
7.070352
7.134419
7.121362
6.979952
7.056393
7.006536
6.9926643
6.951505
6.8703523
7.0316467
6.9477243
6.9644723
6.948649
7.2924867
6.9230275
6.9952
7.06768
6.873909
6.890548
6.852368
6.7556663
6.8110094
6.9438415
7.0647526
6.9078774
6.765502
6.754364
6.8456616
6.993165
6.9586535
6.893664
6.8145294
6.8665357
6.6805043
6.9097524
6.9002547
6.7767267
6.717473
6.8608236
6.802541
7.004908
6.7199183
6.7536225
6.706334
6.8161087
6.750337
6.7235327
6.808312
6.609725
6.69646
6.9032145
6.699093
6.772936
6.74858
6.833617
6.7586684
6.6010137
6.7497854
6.8564787
6.9357677
6.823151
6.8942175
6.7255797
6.720399
6.7668204
6.8809586
6.7748704
6.7474046
6.8536363
6.6249084
6.6344824
6.8035307
6.7828574
6.7008395
6.8695674
6.830951
6.7189116
6.7767434
6.7360344
6.7034345
6.6965585
6.7412987
6.65078
6.762478
6.9112034
6.5752997
6.6413426
6.5313873
6.7785687
6.7188787
6.6193285
6.573446
6.781269
6.7532425
6.8525167
6.6385703
6.494686
6.6919312
6.695308
6.6927366
6.7130046
6.5869393
6.4435573
6.628193
6.40739
6.6049237
6.705648
6.6825047
6.5197372
6.558647
6.430205
6.6105533
6.525707
6.744448
6.597915
6.6760974
6.673283
6.6506577
6.657145
6.4870496
6.6572556
6.7758894
6.4596167
6.695903
6.575145
6.64266
6.6485124
6.6419907
6.5844674
6.5846252
6.7623096
6.6434183
6.598586
6.7038746
6.489686
6.682394
6.530451
6.7723904
6.6514573
6.730106
6.7028995
6.757284
6.595654
6.5105615
6.630639
6.4689274
6.6020713
6.590701
6.802151
6.3597736
6.599428
6.3663745
6.5263705
6.700619
6.527269
6.5527825
6.653643
6.56387
6.5434785
6.704886
6.6047883
6.6344547
6.259311
6.5985565
6.6518097
6.495925
6.631453
6.5257416
6.4653997
6.6600733
6.4319696
6.2344604
6.4343805
6.489672
6.6585264
6.315401
6.629698
6.527759
6.625019
6.597765
6.477981
6.4939375
6.546357
6.76465
6.447724
6.6752405
6.657542
6.5604143
6.599972
6.7182612
6.3619614
6.5672455
6.436044
6.388745
6.3596826
6.617459
6.3783484
6.4403863
6.739547
6.3007073
6.287442
6.4247704
6.405953
6.403173
6.3760614
6.617606
6.5043635
6.4408193
6.4674816
6.621922
6.5107107
6.514382
6.493598
6.591083
6.3939795
6.3726974
6.6479573
6.7054086
6.449774
6.5489836
6.4130173
6.4619412
6.4658957
6.2207313
6.277936
6.603878
6.410792
6.3405647
6.404769
6.6632676
6.4902134
6.4521904
6.371824
6.502912
6.495955
6.279009
6.51506
6.4548707
6.3841705
6.513698
6.5490313
6.19552
6.33215
6.429261
6.4504566
6.4360228
6.3953032
6.5260386
6.4770274
6.3411407
6.336763
6.4166837
6.37144
6.573682
6.594878
6.232758
6.4314113
6.3977685
6.437348
6.195245
6.412911
6.5252323
6.442942
6.2441573
6.304679
6.543615
6.3207054
6.3833737
6.40036
6.1804996
6.387725
6.651192
6.4855413
6.3176904
6.3365874
6.388252
6.3384833
6.309496
6.241299
6.300861
6.353014
6.196226
6.3175287
6.439695
6.1199875
6.429079
6.2964435
6.397594
6.393299
6.2295547
6.365155
6.230057
6.309279
6.296704
6.2534533
6.540097
6.2712708
6.260877
6.2434063
6.2267795
6.1630993
6.181207
6.334142
6.4506683
6.5506454
6.215527
6.5414925
6.257637
6.277074
6.1875305
6.4842086
6.303238
6.4336243
6.4476895
6.237895
6.4736266
6.5360317
6.375663
6.144782
6.373871
6.2335415
6.2131615
6.1345134
5.955629
6.2410126
6.093047
6.337955
6.1697364
6.142586
6.227499
6.225241
6.4729137
6.1898847
6.1264787
6.2471557
6.1464744
6.1330028
6.122977
6.072063
6.288486
6.132492
6.105511
6.269473
6.190378
6.1105423
6.241523
6.254394
6.2800183
6.283303
6.4220014
6.0624266
6.1072316
6.287993
6.018498
6.120494
6.165345
6.125277
6.0830803
6.080469
6.208119
6.1249413
6.375495
5.988825
6.079388
6.1456285
6.25023
6.201749
6.07863
6.223743
5.9935193
6.0611672
6.3254952
6.2532744
6.202658
5.9119415
6.4414577
6.03583
6.179796
6.222591
6.3360453
5.978281
6.2838125
6.1450067
6.1190224
6.055741
6.1465106
5.9648356
5.828878
6.159021
6.279556
5.9503317
6.0351734
6.3535237
6.2009406
6.0999823
6.3027573
6.036275
6.051928
6.287676
6.066609
6.0791464
6.097402
5.9116044
6.046834
5.873478
6.092204
6.1278706
6.2027855
6.041738
6.1371694
5.963914
5.994394
6.1514883
6.0564513
6.116094
6.0063972
6.129156
6.037387
5.994249
6.130706
6.052448
5.81503
6.0054216
6.3513865
5.884825
6.1754665
5.949806
6.147081
6.0231147
5.8684897
5.99243
5.983803
6.041793
5.9904666
6.059676
5.9652596
6.0627565
5.9697657
6.1693993
5.9278502
6.1651344
6.2005916
5.970071
5.9651613
6.0673895
6.182131
5.984264
5.856938
6.0813856
6.040229
6.1847496
6.0057535
6.0758452
5.833494
6.0636997
6.32935
6.140082
5.839017
6.010957
6.010829
5.888195
6.027762
5.9297566
5.9208593
6.2134295
6.2042885
5.901295
6.2493267
5.8214936
5.9900327
6.1980796
5.8731217
5.875745
6.058452
6.0876813
6.119222
5.9707246
5.8535266
5.9957285
6.012124
5.776402
5.9537807
6.1135097
5.819973
6.234874
5.9642534
6.1320424
6.116766
5.8597264
5.910238
6.113493
6.0077515
5.905967
5.93491
5.9613566
5.9995565
6.041368
5.844426
5.8528776
5.983711
6.002908
6.0335727
6.002318
6.033341
6.018906
5.7975926
5.9474
5.766311
6.140835
5.954412
5.9098682
5.8575664
6.1759334
5.9348407
5.903741
5.983672
6.0597725
5.8847923
5.990663
5.970146
5.7538667
5.9722733
5.8593087
5.872193
5.9918427
6.24119
5.9421062
5.5832353
5.837405
5.9319115
5.7107677
6.0069656
6.1900797
5.9473114
5.942926
6.004803
5.9193907
5.8223286
5.9714255
5.8324094
5.9301047
5.882644
5.85969
5.902705
5.7938538
5.7426887
5.558154
5.73606
6.0125628
5.7334924
6.0391583
5.8044243
5.9435906
5.895872
5.730859
5.7671976
6.035955
6.08859
5.810956
5.898112
6.166943
5.851808
5.8495517
5.7638154
6.10544
5.776759
6.046966
5.90776
5.9031744
5.8943458
5.9377437
5.9285665
5.968094
5.7503395
5.6013293
5.9907713
5.868256
5.881375
5.8722606
5.7630177
6.0730734
5.719487
5.728312
5.80341
5.825094
5.9294887
5.7644544
6.126099
5.732409
5.9695973
5.8922024
5.7800465
5.8337665
5.9889255
5.8359156
5.9138036
5.907431
5.7821336
5.72352
5.8936596
5.754422
5.778802
5.759343
5.7924523
5.6815004
5.961949
5.9231095
6.0449924
5.8400784
5.85832
5.8547373
5.8809023
5.80546
5.8353286
6.0393324
5.782141
5.8122177
5.8500237
5.644792
5.8571997
5.6857834
5.9183273
5.902769
5.818944
5.6589003
5.484992
5.929805
5.7197146
5.911548
5.970747
5.750563
5.626656
5.8681283
5.6444445
5.686807
6.066004
5.823707
5.9039598
5.7056117
6.143117
5.8865
5.8674035
5.759848
5.666979
5.9258976
5.7112575
6.108481
5.6834903
5.681633
5.812604
5.8590226
5.7672906
5.719271
5.715242
5.7583213
5.8846135
5.403468
5.6780024
5.756239
5.9191103
5.9373856
5.8403535
5.8090363
5.832078
5.851632
5.968442
5.9553027
5.8061004
5.5732474
5.8022156
5.926403
5.899223
5.5473886
5.771234
5.7158594
5.818822
5.912744
6.0155115
5.801238
5.790871
6.1240926
5.988365
5.792857
5.868472
5.968729
5.8188496
5.6460123
5.9219046
5.577488
5.78083
5.471879
5.7013483
5.8108253
5.8977957
5.829378
5.6520324
5.7650504
5.679729
5.8316083
5.5040965
5.930406
6.0254035
5.9276133
5.9588947
5.7589083
5.70561
5.689166
5.7015824
5.5908556
5.7449126
5.9127593
5.808287
5.8282576
5.7803774
5.546861
5.7645993
5.6774645
5.629518
5.7767453
5.848904
5.602387
5.9895277
5.573559
5.7895617
5.8243656
5.671866
5.644034
5.7132745
5.722469
5.933213
5.7753034
5.5161176
5.9271364
5.716031
6.0809474
5.8961716
5.684339
5.4904566
5.6362524
5.558224
5.728504
5.760646
5.756886
5.539733
5.9310865
5.552401
5.5564666
5.801801
5.7574244
5.628146
5.8087916
5.8093166
5.721248
5.651927
5.818758
5.7176294
5.9114676
5.864989
5.909699
5.9032197
5.6786847
5.852634
5.504682
5.5855074
5.918309
5.7321343
5.902642
5.914986
5.6909804
5.4850154
5.541682
5.6832433
5.3161716
5.876813
5.6592274
5.6538215
5.5306797
5.602783
5.878249
5.564359
5.9365697
5.6499085
5.6186438
5.5433636
5.7439876
5.392605
5.5359406
5.352809
5.418976
5.649313
5.5110655
5.6710544
5.786993
5.755942
5.6171093
5.593702
5.757088
5.6477456
5.715089
5.7746034
5.506381
5.6531353
5.5910573
5.5942874
5.448566
5.9388266
5.732018
5.6609473
5.572349
5.915743
5.7250056
5.593798
5.4548693
5.5112987
5.7467847
5.7659636
5.66059
5.978222
5.538011
5.554799
5.7583203
5.783171
5.796041
5.7026706
5.438924
5.670094
5.547261
5.638388
5.7075562
5.59912
5.762742
5.488997
5.8547335
5.7210503
5.7287326
5.69029
5.567115
5.3900375
5.6399183
5.800119
5.590913
5.603863
5.5371366
5.6630864
5.601848
5.7909794
5.690101
5.351911
5.6754804
5.782823
5.4611607
5.717524
5.6175427
5.620117
5.6557193
5.6981306
5.721794
5.385367
5.847208
5.6859994
5.6769032
5.537524
5.4856544
5.581422
5.6308336
5.897596
5.451855
5.623827
5.49037
5.729608
5.7475243
5.6581
5.6037974
5.660064
5.6731963
5.678332
5.5022864
5.7067714
5.6087685
5.539316
5.667606
5.6363454
5.665866
5.6066723
5.5285707
5.576261
5.5901246
5.510454
5.463888
5.7588906
5.5931087
5.461889
5.54158
5.663077
5.6208096
5.505916
5.5467176
5.587404
5.4843464
5.603502
5.4126883
5.6533203
5.544563
5.5765758
5.5491915
5.6070857
5.610095
5.535918
5.523216
5.6714478
5.695008
5.4579935
5.4466004
5.6324663
5.6350045
5.7069535
5.673273
5.276472
5.5664363
5.4631233
5.9190874
5.812604
5.4373903
5.5392776
5.5176883
5.694905
5.5763564
5.4844627
5.7199574
5.4844356
5.735159
5.691299
5.7603493
5.5493617
5.5410748
5.488052
5.573405
5.7510977
5.6729913
5.4016595
5.402756
5.755385
5.558955
5.488881
5.4184694
5.514053
5.4643497
5.5303407
5.615046
5.5673532
5.482999
5.4293327
5.273484
5.468975
5.5772195
5.5005918
5.471532
5.2404585
5.382241
6.0946627
5.269652
