7.0247
6.959952
6.950145
6.9908733
7.0077786
6.9092517
7.047718
6.9345503
6.921961
6.9738975
6.9147663
6.9188647
6.9900966
6.9890146
6.956522
6.949444
6.9367137
7.0108857
6.8633413
6.8785524
6.9120994
7.0389266
6.940666
7.0020356
6.9909678
6.9892883
6.953979
6.973478
6.912674
6.939187
6.9959755
6.968441
6.920329
6.984247
7.0039024
6.899496
6.8697405
6.79086
6.892322
6.9061656
6.9976597
7.0370226
6.931857
6.8037796
6.92533
6.946394
6.801662
6.8669086
6.945665
6.880941
6.949083
6.9546156
6.928159
6.8750257
6.9305606
6.857428
6.9855576
6.938566
6.904219
6.930454
6.880535
6.8942347
6.9613304
6.831181
6.9228883
6.847766
6.837461
7.012071
6.9075656
6.9289627
6.9766345
6.9040017
6.9777336
6.8697414
6.9548173
6.955852
6.9128523
6.8866515
6.852055
6.906878
6.881166
6.8553176
6.9051337
6.8404903
6.9471164
6.9170656
6.898816
6.8720474
6.9199967
6.8613286
6.856416
6.938233
6.873835
6.885232
7.0046515
6.957201
6.9186506
6.8539305
6.8643384
6.895586
6.823004
6.949714
6.8758264
6.925273
6.8840103
6.9368634
6.9023137
6.8851047
6.8778987
6.842287
6.8631926
6.8195715
6.929399
6.859569
6.873918
6.94299
6.869956
6.9280434
6.868579
6.891474
6.9168706
6.903412
6.9362283
6.9127064
6.859436
6.9018598
6.9314904
6.9848013
6.9309864
6.8703847
6.845481
6.898313
6.9333577
6.817342
6.756747
6.8549542
6.8547206
6.900201
6.894438
6.8891506
6.9779887
6.813684
6.858727
6.790026
6.852707
6.8226466
6.8104153
6.8924785
6.8460965
6.9207325
6.749919
6.924326
6.92821
6.8275566
7.018664
6.8202724
6.835294
6.8867917
6.9076834
6.8510847
6.8674994
6.8616366
6.9096985
6.82207
6.9268737
6.8712287
6.8976884
6.90316
6.8423195
6.907129
6.994916
6.885123
6.9084735
6.747945
6.9656954
6.9050717
6.9337115
6.8992896
6.8620634
6.906631
6.8365793
6.970353
6.870449
6.961387
6.9536524
6.850997
6.881822
6.8700824
6.8635325
6.898809
6.899913
6.8456707
6.826416
6.89366
6.944361
6.9570765
6.773942
6.800514
6.841892
6.800508
6.8290734
6.886767
6.954268
6.832321
6.871622
6.9661155
6.807466
6.875584
6.8859754
6.844223
6.883713
6.8141074
6.806574
6.868154
6.905616
6.909767
6.835398
6.9310303
6.893985
6.8289332
6.9075556
6.9259195
6.908995
6.8620963
6.8464856
6.799474
6.815254
6.828147
6.846895
6.92057
6.7951503
6.843373
6.8664813
6.9260006
6.774966
6.9214897
6.859489
6.911699
6.9033957
6.8157935
6.8635454
6.917534
6.8276496
6.908726
6.8701906
6.9133997
6.791015
6.9208255
6.801066
6.8357263
6.9178367
6.8796687
6.8718925
6.8887053
6.88007
6.826639
6.83322
6.852221
6.82847
6.82499
6.9054976
6.8117957
6.8314652
6.9329166
6.9123716
6.8549976
6.8643484
6.8165317
6.858605
6.8382545
6.8428626
6.8526444
6.8369846
6.8844104
6.798434
6.8799024
6.9562483
6.9253902
6.8462563
6.8492336
6.8790526
6.861417
6.8410063
6.9334984
6.8353243
6.9251037
6.7752357
6.840305
6.827684
6.805212
6.826035
6.7932487
6.8844976
6.941092
6.857284
6.881824
6.7509804
6.910044
6.8819
6.8935113
6.788328
6.791797
6.797771
6.8067007
6.8805585
6.840965
6.9428043
6.8482985
6.7832093
6.809448
6.7899976
6.8212337
6.8363557
6.7546983
6.743147
6.866573
6.890092
6.909127
6.864574
6.6892686
6.792772
6.859979
6.869274
6.7942615
6.8489547
6.8272123
6.819194
6.8721266
6.9463067
6.9535894
6.8375645
6.8091607
6.8327737
6.8300943
6.807851
6.852599
6.765264
6.930837
6.8180003
6.9252315
6.9043694
6.877338
6.9435143
6.780422
6.8443317
6.80195
6.8360066
6.8018928
6.837706
6.740581
6.8341327
6.825014
6.8868
6.9324975
6.752182
6.7907696
6.8627577
6.791375
6.7303762
6.74324
6.8482122
6.887519
6.8282204
6.8029585
6.836794
6.856474
6.834999
6.9174886
6.8711767
6.905947
6.870797
6.844717
6.8746214
6.810603
6.8056703
6.791708
6.8241425
6.8592844
6.9263945
6.927318
6.852439
6.8007812
6.8165708
6.782211
6.8109164
6.7323885
6.800347
6.85099
6.7684703
6.824673
6.844122
6.8222294
6.853531
6.8111477
6.7759376
6.8330574
6.850971
6.8853674
6.8793964
6.7043257
6.879884
6.731303
6.8628845
6.7556453
6.784573
6.8327584
6.7183976
6.853754
6.7577486
6.849762
6.9097548
6.837896
6.8900084
6.804302
6.8249865
6.80325
6.8061047
6.8636503
6.79416
6.7187514
6.8558736
6.798355
6.90391
6.889516
6.7971716
6.82663
6.850532
6.820688
6.9438334
6.6820116
6.698654
6.856817
6.8275547
6.978214
6.8239603
6.7304125
6.84102
6.8345184
6.8052053
6.9883776
6.7348604
6.797323
6.833469
6.9046535
6.7508564
6.887467
6.791646
6.800708
6.8227625
6.729959
6.8196397
6.828607
6.6752477
6.974209
6.876775
6.8250456
6.8021374
6.7843294
6.7927446
6.897834
6.838613
6.737128
6.7993784
6.8137827
6.8628483
6.8068933
6.9104304
6.8306813
6.8565083
6.793848
6.867271
6.854508
6.858701
6.770942
6.852063
6.760093
6.882541
6.708645
6.652652
6.8702345
6.8006015
6.7266636
6.9342623
6.8668675
6.8722725
6.8289456
6.9261956
6.8468103
6.765353
6.7736287
6.6971426
6.789054
6.918798
6.7549706
6.8992968
6.756288
6.779921
6.843693
6.814459
6.7999487
6.7707977
6.717419
6.752603
6.794179
6.739882
6.71938
6.838777
6.8058248
6.7270465
6.837164
6.768589
6.7193494
6.676219
6.81017
6.772213
6.831386
6.874899
6.800002
6.839869
6.7879877
6.891318
6.8063526
6.8789034
6.8229804
6.749176
6.884447
6.6939077
6.7552204
6.6599455
6.716248
6.888367
6.7483673
6.83665
6.638291
6.851142
6.8290353
6.7971034
6.834939
6.8124228
6.7871137
6.7743597
6.788648
6.693483
6.6861606
6.7715397
6.800665
6.7101235
6.8345165
6.7625527
6.8302145
6.7941694
6.773054
6.838897
6.766227
6.838518
6.8266287
6.672621
6.678003
6.7789373
6.813594
6.7652903
6.8408694
6.8061304
6.8461823
6.6503935
6.776505
6.852733
6.7444563
6.8016324
6.7142086
6.787382
6.7891245
6.7581067
6.953891
6.829489
6.798026
6.7790523
6.809438
6.6669464
6.9229574
6.8389225
6.8581305
6.7912407
6.7602987
6.8371325
6.71346
6.7932377
6.751913
6.8906136
6.7184634
6.7456417
6.7140474
6.7202716
6.7186747
6.803981
6.7495832
6.7631755
6.848876
6.9619536
6.866973
6.760738
6.788602
6.7801948
6.785203
6.716124
6.8596954
6.8136606
6.7286086
6.8027544
6.834136
6.8122773
6.850408
6.766352
6.8036294
6.7221394
6.7103686
6.7549906
6.912332
6.6875553
6.9652042
6.859643
6.8237314
6.752629
6.8903365
6.700672
6.7270803
6.637106
6.760384
6.8257174
6.8109736
6.737293
6.7209396
6.80588
6.7365937
6.646437
6.726071
6.933907
6.8989844
6.831237
6.7624936
6.7417426
6.812448
6.8656754
6.827458
6.7261395
6.6502404
6.8058944
6.7167974
6.813178
6.7306643
6.7340603
6.8010054
6.9426246
6.734591
6.8077016
6.779217
6.886973
6.7262917
6.61579
6.753139
6.8432493
6.786027
6.760896
6.697837
6.68458
6.7311783
6.735993
6.773633
6.7018824
6.867018
6.7470317
6.8270173
6.769251
6.8298645
6.8055315
6.767115
6.766655
6.818301
6.6832833
6.785974
6.793921
6.734675
6.7118397
6.5748105
6.7633286
6.7545233
6.7324357
6.755847
6.798504
6.791093
6.617935
6.6386538
6.7632384
6.7433968
6.83856
6.7002664
6.7419357
6.7368054
6.657051
6.7517257
6.8286505
6.7729
6.7638903
6.8363276
6.726357
6.7151604
6.739663
6.6923294
6.750355
6.892894
6.688176
6.7647033
6.8674493
6.7739773
6.8105745
6.9085093
6.8483315
6.83242
6.757392
6.8167124
6.798612
6.7716794
6.763675
6.8790135
6.737021
6.828435
6.735555
6.7019224
6.711887
6.7109942
6.8363853
6.7278576
6.8205767
6.6820617
6.8177524
6.757163
6.596359
6.6688056
6.8007827
6.78472
6.758575
6.717081
6.7998204
6.765308
6.8339186
6.7238154
6.7136593
6.790467
6.7013106
6.7190185
6.7364473
6.8477163
6.8064237
6.7308235
6.7875075
6.746315
6.8848453
6.7880044
6.7745147
6.7437754
6.870156
6.6362624
6.886675
6.8863173
6.755208
6.7986135
6.8310523
6.847983
6.5988092
6.8626156
6.857679
6.7681327
6.803344
6.802243
6.816976
6.80887
6.807406
6.7044754
6.8497086
6.81317
6.87933
6.7129374
6.8616667
6.8223405
6.6921115
6.881809
6.7392187
6.7517366
6.764035
6.7042966
6.809395
6.748018
6.8562946
6.750767
6.548423
6.8234344
6.668697
6.672859
6.6199083
6.745525
6.561417
6.7706194
6.8172364
6.792218
6.7389956
6.792784
6.781514
6.7918234
6.7247343
6.7658377
6.7472982
6.7554507
6.8014116
6.791306
6.758143
6.793747
6.8183737
6.833865
6.7927766
6.795683
6.7410007
6.745816
6.8155894
6.838505
6.8095293
6.80111
6.6848974
6.8272457
6.7161117
6.681631
6.8182936
6.839501
6.715976
6.7575836
6.7432923
6.761055
6.781888
6.7913723
6.6484594
6.767088
6.682137
6.761155
6.699762
6.8628435
6.887707
6.81537
6.8063917
6.8924594
6.6995273
6.74641
6.701685
6.821822
6.9373875
6.8264065
6.6509275
6.7883687
6.608843
6.805779
6.8192887
6.5122538
6.774771
6.8022995
6.6256423
6.740687
6.797609
6.699112
6.7321973
6.9004426
6.8356657
6.886896
6.6607695
6.8247004
6.591463
6.8398275
6.82037
6.7548842
6.669336
6.6491833
6.674577
6.6935544
6.7533593
6.6694355
6.7910304
6.7163568
6.814899
6.823619
6.778005
6.7816586
6.785066
6.8212037
6.735285
6.621152
6.7802763
6.76959
6.6471167
6.8029466
6.8125873
6.755533
6.7572694
6.8236675
6.7265596
6.753583
6.653049
6.825616
6.6991324
6.7650766
6.718184
6.733444
6.6951275
6.6889243
6.72443
6.730792
6.8436513
6.8036313
6.84739
6.8490076
6.8544874
6.62855
6.658099
6.7886105
6.8485327
6.816878
6.7558565
6.951918
6.581028
6.6419506
6.753533
6.8106523
6.8092313
6.763068
6.7136974
6.8291683
6.636056
6.713274
6.832772
6.734624
6.7130594
6.648307
6.697632
6.7492332
6.7959285
6.5889564
6.693775
6.7445745
6.8075323
6.7458057
6.6676464
6.721495
6.699937
6.5284986
6.623912
6.8330574
6.670274
6.687671
6.7143173
6.823169
6.695282
6.635793
6.7729697
6.659585
6.7986474
6.671436
6.8679714
6.7347107
6.7647705
6.6363072
6.785084
6.6819687
6.6998653
6.6300087
6.7917433
6.6820784
6.622661
6.8051467
6.843186
6.7118697
6.782005
6.82324
6.7143393
6.614223
6.860055
6.6985145
6.6621985
6.527842
6.8932953
6.9450526
6.5209575
6.69722
6.7446914
6.7776356
6.68226
6.607868
6.7270904
6.675145
6.8218226
6.8006454
6.6631246
6.7864065
6.6887064
6.7779183
